109.13
103.75
112.50
112.50
112.50
112.50
108.69
108.41
112.50
112.50
105.37
104.37
107.93
109.13
104.37
112.50
112.50
105.37
109.13
104.37
112.50
116.08
112.50
112.50
112.50
109.90
108.69
108.41
105.37
109.13
109.13
104.37
112.50
107.93
107.74
101.25
101.25
 97.44
 97.16
101.25
 94.12
 97.88
 92.50
 94.12
 97.88
101.25
101.25
 97.44
101.25
 94.12
 94.12
 96.68
 96.49
 97.88
 92.50
 87.21
101.25
104.83
101.25
101.25
101.25
 98.65
 97.44
 98.65
 97.44
 97.44
101.25
 97.44
 97.44
 97.16
 97.16
101.25
 94.12
 94.12
 97.88
 94.12
 94.12
 96.49
 96.49
 94.12
 97.88
 97.88
 97.88
 92.50
 93.12
 93.12
101.25
104.83
101.25
101.25
101.25
 98.65
 97.44
 97.44
 97.16
 98.65
 98.65
 97.44
101.25
101.25
 97.44
 97.16
 94.12
 94.12
 97.88
 97.88
 96.68
 96.68
 96.49
 94.12
 97.88
 92.50
 93.12
 87.21
 96.49
 96.49
 96.49
 97.88
 97.88
 87.21
101.25
 86.63
 81.87
 90.00
 81.87
 90.00
 90.00
 90.00
 86.19
 85.43
 85.24
 90.00
 90.00
 90.00
 86.19
 90.00
 86.19
 85.91
 85.24
 85.24
 86.19
 85.91
 90.00
 85.43
 85.24
 90.00
 90.00
 90.00
 86.19
 85.24
 81.87
 90.00
 90.00
 90.00
 86.19
 85.91
 90.00
 85.43
 85.24
 85.24
 82.87
 86.63
 81.87
 86.19
 85.91
 90.00
 85.24
 85.24
 81.87
 90.00
 90.00
 90.00
 86.19
 90.00
 90.00
 86.19
 85.91
 90.00
 85.43
 85.24
 90.00
 90.00
 90.00
 86.63
 81.87
 90.00
 90.00
 86.19
 85.91
 85.24
 90.00
 90.00
 90.00
 86.19
 85.91
 85.91
 90.00
 85.43
 81.87
 90.00
 86.63
 90.00
 90.00
 90.00
 86.19
 85.43
 85.24
 86.19
 90.00
 90.00
 90.00
 90.00
 85.91
 90.00
 85.43
 90.00
 90.00
 86.19
 85.91
 75.96
 90.00
 85.24
 85.60
 86.63
 81.25
 81.87
 75.96
 93.58
 90.00
 90.00
 90.00
 87.40
 86.19
 85.24
 85.24
 85.24
 86.63
 81.25
 86.19
 86.19
 85.91
 85.24
 93.58
 90.00
 90.00
 87.40
 86.19
 86.19
 85.24
 85.24
 85.24
 75.96
 90.00
 93.58
 90.00
 90.00
 85.91
 90.00
 81.87
 86.19
 85.91
 85.91
 90.00
 87.40
 86.19
 86.19
 81.25
 81.87
 90.00
 93.58
 90.00
 90.00
 90.00
 87.40
 86.19
 86.19
 85.24
 85.24
 85.24
 86.63
 81.25
 75.96
 90.00
 93.58
 86.63
 81.87
 75.96
 90.00
 87.40
 86.19
 90.00
 90.00
 86.19
 85.91
 85.24
 93.58
 90.00
 90.00
 86.19
 85.24
 90.00
 93.58
 86.19
 85.91
 81.87
 85.43
 85.24
 90.00
 90.00
 87.40
 86.19
 86.19
 85.91
 90.00
 81.87
 90.00
 90.00
 85.91
 85.91
